42
33
28
47
34
40
0
37
33
35
56
31
51
0
37
34
34
62
28
52
0
38
31
31
55
32
51
0
38
31
26
55
34
51
0
39
32
30
54
29
57
0
39
34
31
59
33
46
0
39
34
29
62
29
54
0
43
33
32
58
25
55
0
38
34
31
62
27
54
0
38
33
35
53
25
55
0
38
35
30
60
26
54
0
38
33
29
63
27
55
0
37
33
35
61
29
50
0
41
33
29
56
28
51
0
40
32
30
58
29
50
0
40
34
34
56
27
50
0
40
35
27
55
33
52
0
38
35
27
56
29
52
0
39
33
28
56
34
51
0
39
34
26
55
29
53
0
39
31
28
59
38
58
0
41
32
29
50
30
55
0
37
32
25
56
33
56
0
42
34
26
53
34
56
0
39
34
26
56
36
56
0
41
34
28
55
34
49
0
38
33
29
57
33
51
0
38
33
30
52
37
51
0
42
37
30
51
35
51
0
34
30
28
58
28
60
0
37
29
34
51
29
62
0
41
29
28
54
28
54
0
45
31
31
65
27
50
0
36
30
34
56
37
51
0
36
29
31
57
30
54
0
36
29
29
59
36
55
0
36
28
31
60
34
52
0
36
33
30
59
28
49
0
38
36
30
57
38
47
0
36
35
29
55
35
47
0
35
36
29
54
38
49
0
36
34
31
52
33
52
0
36
32
29
53
35
54
0
38
30
31
51
39
49
0
42
30
32
50
41
55
0
39
30
29
49
40
51
0
40
30
30
52
39
54
0
35
29
30
55
34
55
0
36
30
31
52
35
52
0
36
33
29
52
34
57
0
38
29
37
49
32
63
0
35
30
31
49
36
58
0
40
29
29
53
34
53
0
37
29
43
49
39
49
0
40
29
35
51
36
50
0
40
29
33
61
37
53
0
38
29
34
50
49
52
0
33
28
38
48
36
55
0
6:32:2


6:32:4


6:32:6


6:32:8


6:32:10


6:32:11


6:32:13


6:32:15


6:32:17


6:32:19


6:32:21


6:32:23


6:32:25


6:32:27


6:32:29


6:32:31


6:32:33


6:32:34


6:32:36


6:32:38


6:32:40


6:32:42


6:32:44


6:32:46


6:32:48


6:32:50


6:32:52


6:32:54


6:32:55


6:32:57


6:32:59


6:33:1


6:33:3


6:33:5


6:33:7


6:33:9


6:33:11


6:33:13


6:33:15


6:33:17


6:33:18


6:33:20


6:33:22


6:33:24


6:33:26


6:33:28


6:33:30


6:33:32


6:33:34


6:33:36


6:33:38


6:33:40


6:33:41


6:33:43


6:33:45


6:33:47


6:33:49


6:33:51


6:33:53


