1070.26
1069.44
1133.95
1162.4
1155.77
1137.91
1142.97
1145.26
1146.01
1146.65
1144.95
1140.13
1138.62
1137
1137.4
1136.9
1137.66
1137.04
1136.92
1137.82
1138.64
1139.41
1140.17
1139.31
1139.88
1140.43
1141.54
1142.06
1141.19
1141.51
1142.04
1152.03
1153.64
1152.37
1154.29
1153.22
1166.25
1167.13
1167.49
1166.66
1173.22
1183.25
1183
1172.52
1169.8
1170.74
1171.68
1172.1
1174.86
1188.77
1201.67
1204.87
1205.61
1206.19
1206.82
1205.96
1204.93
1205.72
1205.99
1206.54




























































