1140.59
1140.6
1142.68
1140.29
1142.06
1143.35
1143.54
1145.13
1149.32
1149.47
1148.53
1150.39
1155.22
1156.3
1155.91
1154.83
1154.13
1155.94
1156.24
1159.32
1160.64
1157.17
1159.17
1162.04
1165.68
1166.78
1167.88
1159.56
1158.14
1159.48
1161.12
1169.57
1168.72
1169.25
1169.73
1170.28
1165.94
1162.96
1164.16
1165.7
1167.32
1167.32
1169.05
1163.78
1163.75
1155.35
1155.49
1156.29
1156.91
1158.53
1159.87
1164.39
1165.65
1166.17
1165.09
1165.56
1158.69
1158.47
1158.13
1159.27




























































