44
36
32
49
31
42
0
44
36
32
49
32
42
0
44
35
31
49
33
43
0
40
34
30
54
33
43
0
39
34
31
55
35
43
0
38
33
31
49
34
44
0
38
36
32
50
33
48
0
45
31
31
52
30
47
0
39
32
32
51
32
47
0
37
32
31
52
32
48
0
37
32
31
53
33
48
0
37
32
32
53
32
48
0
37
32
32
52
35
48
0
37
31
29
53
36
48
0
37
31
29
53
33
48
0
40
31
29
52
33
48
0
40
31
29
53
33
48
0
40
31
28
53
33
47
0
40
31
32
52
32
47
0
40
31
32
52
33
44
0
42
32
31
53
34
45
0
42
30
30
55
32
45
0
42
30
30
55
32
45
0
42
30
28
51
38
45
0
40
30
28
51
38
45
0
40
30
29
51
38
46
0
40
30
29
51
39
45
0
40
30
28
52
38
45
0
40
30
34
51
34
45
0
38
30
35
51
34
45
0
38
30
35
52
35
45
0
38
30
35
51
34
45
0
38
30
34
51
34
45
0
41
30
34
52
33
44
0
41
30
34
52
32
44
0
41
30
34
55
32
44
0
40
32
31
53
31
44
0
37
32
32
55
31
47
0
37
31
30
58
34
45
0
37
30
30
59
34
45
0
37
30
29
58
34
45
0
37
30
30
58
34
45
0
37
30
30
58
34
45
0
37
30
37
53
30
48
0
37
30
35
52
30
48
0
37
30
36
53
30
48
0
37
30
35
52
30
48
0
37
30
35
52
30
48
0
37
30
36
53
32
46
0
36
30
33
53
30
50
0
36
30
32
52
33
42
0
36
29
36
54
36
47
0
39
30
33
57
30
46
0
38
30
34
56
31
49
0
40
30
29
55
32
47
0
40
30
28
56
32
47
0
40
30
29
55
32
47
0
40
30
29
55
32
47
0
40
30
29
55
32
48
0
3:21:21


3:21:23


3:21:25


3:21:27


3:21:29


3:21:31


3:21:33


3:21:35


3:21:37


3:21:39


3:21:41


3:21:43


3:21:45


3:21:47


3:21:49


3:21:51


3:21:53


3:21:55


3:21:57


3:21:59


3:22:0


3:22:2


3:22:4


3:22:6


3:22:8


3:22:10


3:22:12


3:22:14


3:22:16


3:22:18


3:22:20


3:22:22


3:22:24


3:22:26


3:22:28


3:22:30


3:22:32


3:22:34


3:22:36


3:22:38


3:22:39


3:22:41


3:22:43


3:22:45


3:22:47


3:22:49


3:22:51


3:22:53


3:22:55


3:22:57


3:22:59


3:23:1


3:23:3


3:23:5


3:23:7


3:23:9


3:23:11


3:23:13


3:23:15


