1057.66
1050.32
1223.65
1218.09
1219.53
1212.62
1229.7
1219.08
1218.32
1221.07
1221.97
1226.36
1223.35
1244.94
1242.35
1242.35
1242.67
1243.8
1244.41
1247.31
1289.16
1321.58
1314.11
1318.67
1319.63
1235.56
1247.61
1242.33
1257.11
1271.68
1297.46
1299.13
1303.92
1305.09
1317.89
1322.41
1309.77
1312.16
1306.96
1308.08
1309.26
1234.57
1291.21
1295.57
1301.64
1296.95
1292.51
1290.4
1291.51
1292.52
1291.55
1291.22
1279.59
1280.96
1280.18
1280.62
1278.79
1278.22
1279.37
1279.88




























































