47
34
26
45
32
41
0
43
31
27
41
34
39
0
43
29
28
45
37
41
0
45
32
38
46
36
46
0
44
31
37
55
41
45
0
42
29
33
62
36
46
0
44
30
32
56
36
47
0
44
30
30
58
40
51
0
48
29
30
51
39
45
0
48
30
34
49
34
48
0
51
29
32
54
37
49
0
53
29
32
50
34
50
0
50
29
32
50
34
50
0
50
29
35
46
40
43
0
45
30
38
48
40
48
0
47
29
37
59
38
45
0
47
31
36
53
34
50
0
48
30
34
51
40
43
0
47
29
37
48
32
48
0
46
31
36
50
35
47
0
44
30
35
49
33
53
0
45
30
38
48
33
54
0
45
32
37
52
34
50
0
49
30
34
53
33
48
0
43
30
36
51
37
48
0
48
30
34
52
40
49
0
42
32
33
55
32
48
0
44
32
36
52
35
50
0
51
30
35
56
36
45
0
48
29
37
54
33
45
0
43
32
40
58
32
43
0
46
29
42
54
29
43
0
46
29
42
52
29
43
0
48
29
42
52
29
42
0
48
29
40
49
34
44
0
47
29
39
48
36
43
0
46
29
40
49
36
43
0
45
31
37
55
34
48
0
44
30
41
52
33
46
0
45
29
38
55
36
43
0
44
30
37
53
35
45
0
47
30
40
56
33
49
0
45
30
39
52
35
44
0
44
29
37
55
33
45
0
46
30
35
55
38
56
0
43
34
34
50
38
51
0
46
32
37
45
32
51
0
52
31
36
52
34
55
0
44
30
34
43
46
48
0
44
30
37
42
44
47
0
44
31
34
49
42
55
0
45
30
37
48
41
50
0
39
28
35
43
44
49
0
48
28
35
45
41
49
0
47
29
37
48
45
43
0
46
31
38
50
36
46
0
45
30
36
52
36
46
0
45
30
36
52
36
46
0
45
30
36
51
36
46
0
6:13:26


6:13:28


6:13:30


6:13:32


6:13:35


6:13:37


6:13:39


6:13:41


6:13:42


6:13:45


6:13:46


6:13:48


6:13:50


6:13:52


6:13:54


6:13:56


6:13:58


6:14:0


6:14:2


6:14:4


6:14:6


6:14:8


6:14:10


6:14:12


6:14:14


6:14:16


6:14:18


6:14:20


6:14:22


6:14:23


6:14:25


6:14:27


6:14:29


6:14:31


6:14:33


6:14:35


6:14:37


6:14:39


6:14:41


6:14:43


6:14:45


6:14:47


6:14:49


6:14:51


6:14:53


6:14:55


6:14:57


6:14:59


6:15:1


6:15:3


6:15:5


6:15:7


6:15:9


6:15:11


6:15:12


6:15:14


6:15:16


6:15:18


6:15:20


