1238.15
1310.15
1315.99
1317.34
1326.09
1331.83
1334.8
1404.84
1428.1
1426.04
1440.4
1434.4
1435.71
1433.26
1436.8
1438.43
1433.62
1466.88
1475.07
1473.53
1492.1
1489.04
1486.63
1490.64
1492.77
1493.57
1492
1493.41
1477.69
1520.41
1384.31
1385.28
1388.13
1386.86
1462.32
1466.36
1465.67
1466.51
1465.38
1465.33
1466.12
1465.77
1466.76
1465.5
1466.21
1467.38
1463.31
1463.55
1464.25
1466.36
1463.83
1452.74
1452.01
1451.08
1451.3
1451.99
1452.61
1451.57
1453.56
1449.85




























































