40
38
33
44
36
57
0
34
38
42
55
41
57
0
32
33
36
51
43
58
0
36
31
35
52
42
58
0
33
32
35
48
41
57
0
31
33
38
56
40
52
0
34
34
41
50
38
54
0
35
30
40
53
45
55
0
35
32
50
49
42
54
0
32
31
40
57
45
62
0
36
31
45
56
39
60
0
34
33
46
48
37
57
0
34
30
42
50
39
61
0
38
29
38
52
41
61
0
38
30
39
51
40
62
0
35
31
43
55
37
59
0
39
33
45
55
35
61
0
38
28
42
53
37
64
0
35
29
46
48
36
60
0
35
28
47
50
34
56
0
37
30
47
55
32
56
0
34
29
47
56
41
54
0
33
30
38
54
46
58
0
37
32
39
55
44
57
0
39
30
39
52
43
62
0
33
30
37
54
41
62
0
31
30
40
50
48
59
0
37
31
40
55
39
55
0
33
32
41
52
42
57
0
38
32
45
48
45
56
0
36
29
43
48
44
56
0
34
31
38
61
47
52
0
34
33
38
55
51
58
0
36
31
36
58
36
58
0
38
30
37
53
47
56
0
40
32
40
52
46
58
0
32
36
38
58
41
59
0
38
33
38
46
41
64
0
33
33
37
48
47
56
0
38
30
40
46
45
59
0
40
33
38
52
50
61
0
38
30
42
45
44
61
0
37
29
40
47
44
61
0
38
30
40
49
47
55
0
37
30
40
51
47
58
0
38
29
39
49
46
57
0
32
29
40
52
50
54
0
34
29
39
48
58
50
0
32
36
38
47
54
53
0
38
31
38
47
52
55
0
32
30
34
46
56
49
0
36
31
36
56
48
49
0
34
31
35
52
47
52
0
34
30
35
52
45
62
0
34
31
38
52
48
54
0
36
29
35
51
52
59
0
35
28
37
48
53
56
0
36
35
36
54
48
54
0
39
28
34
51
53
57
0
6:59:34


6:59:36


6:59:38


6:59:40


6:59:42


6:59:45


6:59:47


6:59:49


6:59:51


6:59:53


6:59:55


6:59:57


6:59:59


7:0:2


7:0:4


7:0:6


7:0:8


7:0:10


7:0:12


7:0:14


7:0:16


7:0:18


7:0:20


7:0:23


7:0:25


7:0:27


7:0:29


7:0:31


7:0:33


7:0:35


7:0:37


7:0:39


7:0:41


7:0:44


7:0:46


7:0:48


7:0:50


7:0:52


7:0:54


7:0:56


7:0:58


7:1:0


7:1:2


7:1:5


7:1:7


7:1:9


7:1:11


7:1:13


7:1:15


7:1:17


7:1:19


7:1:21


7:1:23


7:1:25


7:1:28


7:1:30


7:1:32


7:1:34


7:1:36


