1202.08
1195.12
1201.66
1211.48
1197.26
1199.49
1198.3
1200.5
1202.68
1202.41
1203.55
1206.62
1206.96
1207.7
1211.51
1214.65
1214.6
1218.49
1219.51
1220.94
1209.42
1216.79
1203.98
1214.19
1224.48
1226.98
1221.22
1218
1218.74
1219.62
1219.53
1219.75
1219.96
1221.35
1219.17
1212.6
1183.85
1183.01
1173.22
1174.74
1179.73
1196.31
1194.86
1195.68
1196.61
1198.55
1196.97
1198.96
1198.32
1198.92
1201.29
1202.29
1201.39
1201.27
1202.6
1201.83
1202.45
1180.18
1177.74
1177.56




























































