44
34
41
44
27
42
0
41
37
34
43
32
40
0
45
37
34
44
40
53
0
45
32
42
43
43
45
0
38
32
41
46
45
49
0
39
34
36
48
45
50
0
43
32
40
47
42
48
0
35
34
39
50
45
53
0
39
33
33
45
42
51
0
39
32
43
55
42
54
0
34
31
38
52
45
49
0
37
33
42
47
49
53
0
35
32
37
45
49
57
0
33
36
36
50
42
52
0
35
31
38
47
40
56
0
33
30
35
47
46
54
0
38
31
38
51
47
55
0
36
36
35
45
42
58
0
34
32
33
44
48
58
0
38
35
34
48
54
52
0
39
31
37
45
49
48
0
32
34
35
45
47
50
0
35
32
32
49
53
48
0
41
36
31
60
41
47
0
43
32
32
57
45
51
0
37
34
33
47
54
48
0
38
32
32
61
52
50
0
38
32
36
54
41
47
0
39
31
35
51
42
50
0
42
32
35
57
49
45
0
41
32
36
52
45
47
0
39
32
38
54
47
47
0
35
31
37
55
45
49
0
38
32
36
60
42
48
0
39
33
34
51
45
46
0
36
33
35
55
47
51
0
43
31
33
53
42
44
0
35
34
35
61
47
48
0
38
33
34
58
35
55
0
35
32
36
57
36
47
0
38
36
35
54
32
49
0
37
35
36
68
33
55
0
35
34
37
56
33
56
0
36
32
34
72
30
59
0
36
31
34
65
41
59
0
36
31
34
65
29
62
0
33
32
35
65
35
55
0
33
33
36
64
34
53
0
35
32
38
60
36
53
0
33
32
34
65
33
54
0
31
35
37
66
30
59
0
38
31
34
58
29
56
0
37
32
38
60
35
56
0
36
31
32
60
30
61
0
36
32
30
59
35
57
0
34
31
32
60
32
60
0
35
33
36
60
32
56
0
34
32
35
59
35
52
0
35
34
35
57
40
57
0
6:51:16


6:51:18


6:51:20


6:51:22


6:51:24


6:51:26


6:51:28


6:51:30


6:51:32


6:51:34


6:51:36


6:51:38


6:51:40


6:51:42


6:51:44


6:51:46


6:51:48


6:51:50


6:51:52


6:51:54


6:51:56


6:51:58


6:52:1


6:52:3


6:52:5


6:52:7


6:52:9


6:52:11


6:52:13


6:52:15


6:52:17


6:52:19


6:52:21


6:52:23


6:52:25


6:52:27


6:52:29


6:52:31


6:52:33


6:52:35


6:52:38


6:52:40


6:52:42


6:52:44


6:52:46


6:52:48


6:52:50


6:52:52


6:52:54


6:52:56


6:52:58


6:53:0


6:53:2


6:53:4


6:53:6


6:53:8


6:53:10


6:53:12


6:53:14


