1024.98
1025.01
1025.41
1026.2
1026.92
1027.3
1026.32
1026.3
1026.7
1026.2
1026.59
1027.09
1026.31
1026.33
1027.17
1027.82
1028.21
1028.6
1027.65
1027.66
1028.71
1029.11
1029.51
1029.91
1028.92
1029.66
1030.08
1030.89
1031.39
1031.88
1029.65
1029.9
1030.31
1030.68
1031.08
1030.09
1031.1
1031.25
1031.64
1032.04
1032.41
1032.14
1032.12
1032.9
1033.52
1033.91
1034.77
1033.99
1034.02
1034.43
1034.81
1035.2
1034.67
1033.67
1033.7
1034.13
1034.5
1035.58
1035.95
1036.02




























































