47
31
30
53
28
39
0
46
35
43
49
39
53
0
48
35
39
57
33
51
0
48
33
43
54
48
44
0
43
33
35
51
41
44
0
51
32
41
50
43
41
0
51
31
39
48
41
53
0
45
31
45
49
46
51
0
45
31
41
49
43
50
0
49
31
43
48
40
52
0
46
31
51
47
38
53
0
43
32
50
49
40
49
0
47
36
39
49
43
48
0
41
35
40
62
36
56
0
40
34
47
54
43
53
0
42
35
41
57
39
50
0
42
39
40
55
33
48
0
41
39
40
54
36
55
0
42
37
39
61
30
61
0
43
37
41
59
30
54
0
42
39
40
53
38
53
0
43
36
39
61
39
54
0
41
35
42
59
38
50
0
42
35
39
58
37
65
0
42
35
44
56
40
53
0
41
36
47
56
38
53
0
45
34
44
56
41
58
0
47
36
46
63
36
50
0
42
35
47
52
47
47
0
45
34
35
57
42
53
0
49
34
37
52
42
58
0
49
35
42
63
40
49
0
45
34
46
54
34
50
0
46
34
44
64
40
46
0
44
35
52
52
40
54
0
42
36
41
58
40
60
0
40
43
45
48
33
57
0
42
37
47
52
37
57
0
44
35
45
51
38
54
0
42
37
48
56
32
54
0
42
37
44
50
42
50
0
43
39
50
48
33
50
0
49
36
44
56
36
48
0
42
39
44
52
39
48
0
40
38
40
60
41
56
0
41
35
42
54
40
60
0
43
35
40
53
36
58
0
40
41
41
60
36
54
0
41
38
40
56
40
55
0
46
35
44
53
39
52
0
43
33
40
56
36
53
0
47
36
40
54
36
54
0
46
34
45
56
38
49
0
46
35
39
56
41
56
0
46
34
43
64
35
56
0
40
37
39
60
39
52
0
42
36
38
64
38
52
0
43
36
41
56
38
52
0
49
35
43
54
42
51
0
6:43:45


6:43:47


6:43:49


6:43:51


6:43:53


6:43:55


6:43:57


6:43:59


6:44:1


6:44:3


6:44:4


6:44:6


6:44:8


6:44:10


6:44:12


6:44:14


6:44:16


6:44:18


6:44:20


6:44:23


6:44:25


6:44:27


6:44:29


6:44:31


6:44:33


6:44:35


6:44:37


6:44:39


6:44:41


6:44:43


6:44:45


6:44:47


6:44:49


6:44:51


6:44:53


6:44:55


6:44:57


6:44:59


6:45:1


6:45:3


6:45:5


6:45:7


6:45:10


6:45:12


6:45:14


6:45:16


6:45:18


6:45:20


6:45:22


6:45:24


6:45:26


6:45:29


6:45:31


6:45:33


6:45:35


6:45:37


6:45:39


6:45:41


6:45:43


